MelSpecTime, Prediction Time
-0.40219640731811523,-32.273967027664185
-1.8248639106750488,-3.3082427978515625
-1.5811474323272705,-2.3274667263031006
-1.6567292213439941,-1.202592134475708
-1.1800181865692139,-0.08149027824401855
-0.7305538654327393,-0.05019688606262207
-0.47400975227355957,-0.04517364501953125
-0.6641018390655518,-0.05092024803161621
-0.504568338394165,-0.04338502883911133
-0.8638889789581299,-0.050043344497680664
-0.31082963943481445,-0.047037601470947266
-0.27548861503601074,-0.04489421844482422
-0.8832316398620605,-0.05088376998901367
-0.7140934467315674,-0.049630165100097656
-0.38599061965942383,-0.04376792907714844
-0.2709360122680664,-0.04342484474182129
-0.5389134883880615,-0.05430340766906738
-1.0372495651245117,-0.06054568290710449
-0.4890744686126709,-0.0445256233215332
-0.490476131439209,-0.042453765869140625
-0.4998040199279785,-0.042261600494384766
-0.8088560104370117,-0.0493009090423584
-1.0179400444030762,-0.050779104232788086
-0.4214489459991455,-0.04482865333557129
-0.5869317054748535,-0.05059528350830078
-0.44394993782043457,-0.047180891036987305
-1.111518383026123,-0.05109834671020508
-0.5164620876312256,-0.042650461196899414
-0.9989237785339355,-0.050420284271240234
-0.904041051864624,-0.04940080642700195
-2.215263605117798,-0.05082297325134277
-0.815518856048584,-0.05014681816101074
-0.7322323322296143,-0.05399513244628906
-0.4540560245513916,-0.042690277099609375
-1.0840394496917725,-0.0508420467376709
-0.7666308879852295,-0.0506441593170166
-0.4883394241333008,-0.04379129409790039
-0.32688164710998535,-0.04506063461303711
-1.907886028289795,-0.051444292068481445
-0.4626657962799072,-0.042973995208740234
-0.4355041980743408,-0.042877197265625
-0.6824135780334473,-0.05038642883300781
-0.6547613143920898,-0.04410529136657715
-0.40753984451293945,-0.04262232780456543
-0.43769192695617676,-0.04423117637634277
-0.6807799339294434,-0.04940390586853027
-1.1558949947357178,-0.050187110900878906
-0.456587553024292,-0.04289817810058594
-0.5816483497619629,-0.06192946434020996
-0.3509519100189209,-0.04354429244995117
-0.4507143497467041,-0.04343843460083008
-0.28304076194763184,-0.05076193809509277
-0.27051687240600586,-0.04303765296936035
-0.2712886333465576,-0.0430600643157959
-0.27022695541381836,-0.044191837310791016
-0.2619645595550537,-0.041767120361328125
-0.2697019577026367,-0.04259181022644043
-0.26509761810302734,-0.043144941329956055
-0.26696133613586426,-0.0431516170501709
-0.26880359649658203,-0.04364800453186035
-0.2698373794555664,-0.04436540603637695
-0.26293158531188965,-0.04468131065368652
-0.261751651763916,-0.0437772274017334
-0.26938486099243164,-0.04466748237609863
-0.26659560203552246,-0.04390120506286621
-0.2711598873138428,-0.04447603225708008
-0.27113795280456543,-0.04442858695983887
-0.27048349380493164,-0.04384732246398926
-0.2648591995239258,-0.04328656196594238
-0.26108264923095703,-0.04358220100402832
-0.27051401138305664,-0.0437624454498291
-0.2657151222229004,-0.04538297653198242
-0.2644510269165039,-0.0537874698638916
-0.26464152336120605,-0.0446009635925293
-0.2649974822998047,-0.04422402381896973
-0.2666332721710205,-0.04427814483642578
-0.2606847286224365,-0.04408407211303711
-0.26751255989074707,-0.04441571235656738
-0.2627575397491455,-0.043257713317871094
-0.2653775215148926,-0.0445256233215332
-0.2678658962249756,-0.04480862617492676
-0.26413440704345703,-0.044953107833862305
-0.2654733657836914,-0.04529833793640137
-0.2623934745788574,-0.04416370391845703
-0.26212000846862793,-0.04352998733520508
-0.2615199089050293,-0.044756174087524414
-0.26109981536865234,-0.04451155662536621
-0.26529622077941895,-0.04455161094665527
-0.2651844024658203,-0.04436945915222168
-0.26532530784606934,-0.044702768325805664
-0.2671058177947998,-0.044853925704956055
-0.2644631862640381,-0.044332265853881836
-0.2654154300689697,-0.04474902153015137
-0.26270604133605957,-0.044974327087402344
-0.264873743057251,-0.045079708099365234
-0.2599952220916748,-0.04380154609680176
-0.2644526958465576,-0.04525637626647949
-0.26158785820007324,-0.04514193534851074
-0.2690315246582031,-0.04454326629638672
-0.2619602680206299,-0.0449984073638916
-0.26166725158691406,-0.04399299621582031
-0.26781225204467773,-0.04463028907775879
-0.26471543312072754,-0.04995465278625488
-0.2679264545440674,-0.04278564453125
-0.2689809799194336,-0.04298567771911621
-0.2644779682159424,-0.045127153396606445
-0.2634451389312744,-0.042569637298583984
-0.26441383361816406,-0.04256176948547363
-0.26848649978637695,-0.04269838333129883
-0.2672262191772461,-0.04345440864562988
-0.2687208652496338,-0.044385671615600586
-0.2606377601623535,-0.04461979866027832
-0.26526856422424316,-0.04363608360290527
-0.2660205364227295,-0.04358315467834473
-0.2674832344055176,-0.04429769515991211
-0.26738595962524414,-0.043918609619140625
-0.26630139350891113,-0.044277191162109375
-0.2685079574584961,-0.044098615646362305
-0.26602935791015625,-0.04489874839782715
-0.25923943519592285,-0.0427093505859375
-0.2632911205291748,-0.043849945068359375
-0.2644796371459961,-0.04489016532897949
-0.25811338424682617,-0.04381275177001953
-0.2653162479400635,-0.046042680740356445
-0.2659757137298584,-0.045281171798706055
-0.26663994789123535,-0.04530906677246094
-0.2650113105773926,-0.0446162223815918
-0.26502466201782227,-0.04517555236816406
-0.2669651508331299,-0.04512929916381836
-0.2612297534942627,-0.044167518615722656
-0.2648446559906006,-0.04432272911071777
-0.2632791996002197,-0.04491543769836426
-0.26714277267456055,-0.04519391059875488
-0.2636744976043701,-0.04411005973815918
-0.26464343070983887,-0.04527449607849121
-0.269486665725708,-0.04469799995422363
-0.26133084297180176,-0.04394650459289551
-0.2649672031402588,-0.04483747482299805
-0.27002716064453125,-0.044312238693237305
-0.2685878276824951,-0.04453587532043457
-0.2642824649810791,-0.04331064224243164
-0.26627349853515625,-0.04418063163757324
-0.264324426651001,-0.04447054862976074
-0.26268959045410156,-0.04403877258300781
-0.27406883239746094,-0.04468178749084473
-0.26816868782043457,-0.04519391059875488
-0.2644803524017334,-0.04484248161315918
-0.264554500579834,-0.044385671615600586
-0.26622962951660156,-0.04483294486999512
-0.26120424270629883,-0.043967485427856445
-0.27028751373291016,-0.0446171760559082
-0.2635228633880615,-0.04436779022216797
-0.26413464546203613,-0.04451322555541992
-0.2695128917694092,-0.04958224296569824
-0.2637925148010254,-0.042908668518066406
-0.26511669158935547,-0.04340815544128418
-0.26752781867980957,-0.04527711868286133
-0.268096923828125,-0.04367637634277344
-0.2632110118865967,-0.04365801811218262
-0.2658271789550781,-0.044185638427734375
-0.2704758644104004,-0.044280290603637695
-0.26396942138671875,-0.0443873405456543
-0.26671695709228516,-0.0441281795501709
-0.266005277633667,-0.044065237045288086
-0.26484179496765137,-0.044981956481933594
-0.2677164077758789,-0.04403424263000488
-0.26332998275756836,-0.04536914825439453
-0.25280261039733887,-0.0421299934387207
-0.26833343505859375,-0.04429054260253906
-0.2733156681060791,-0.0439915657043457
-0.26071834564208984,-0.04321694374084473
-0.2682645320892334,-0.04438948631286621
-0.2644517421722412,-0.04413866996765137
-0.26778721809387207,-0.04527568817138672
-0.26821041107177734,-0.044550180435180664
-0.2630014419555664,-0.04491066932678223
-0.2658660411834717,-0.044291019439697266
-0.26247358322143555,-0.043205976486206055
-0.26659536361694336,-0.04633069038391113
-0.2643396854400635,-0.04557657241821289
-0.2647840976715088,-0.04479026794433594
-0.26348876953125,-0.04457855224609375
-0.2656857967376709,-0.044838666915893555
-0.26720166206359863,-0.04497337341308594
-0.26497745513916016,-0.044469356536865234
-0.26544857025146484,-0.0447695255279541
-0.2669963836669922,-0.043810129165649414
-0.2673354148864746,-0.04415702819824219
-0.2665114402770996,-0.04446005821228027
-0.26546788215637207,-0.048163652420043945
-0.2679934501647949,-0.044626712799072266
-0.26373863220214844,-0.04474306106567383
-0.2612588405609131,-0.0436856746673584
-0.26319241523742676,-0.04441571235656738
-0.26307082176208496,-0.04459834098815918
-0.26632142066955566,-0.04485797882080078
-0.2673940658569336,-0.04447603225708008
-0.2640113830566406,-0.04392552375793457
-0.2669839859008789,-0.04442548751831055
-0.2575862407684326,-0.042261362075805664
-0.2642951011657715,-0.045168399810791016
-0.2654085159301758,-0.04421567916870117
-0.26836490631103516,-0.04436445236206055
-0.26203012466430664,-0.04460620880126953
-0.2628333568572998,-0.04915881156921387
-0.26543688774108887,-0.042969465255737305
-0.26796627044677734,-0.04221010208129883
-0.2656693458557129,-0.044902801513671875
-0.26740503311157227,-0.04312872886657715
-0.2539670467376709,-0.042067527770996094
-0.2625463008880615,-0.043654680252075195
-0.2617166042327881,-0.04654073715209961
-0.2631034851074219,-0.04335904121398926
-0.26445579528808594,-0.04471635818481445
-0.2627253532409668,-0.04454755783081055
-0.2639150619506836,-0.0449521541595459
-0.2673168182373047,-0.04449653625488281
-0.2677903175354004,-0.04460906982421875
-0.2698657512664795,-0.04568123817443848
-0.26422739028930664,-0.04394102096557617
-0.26177382469177246,-0.043401241302490234
-0.26674699783325195,-0.04456448554992676
-0.2649509906768799,-0.044188499450683594
-0.2630808353424072,-0.04465818405151367
-0.2671997547149658,-0.04523777961730957
-0.26670217514038086,-0.04405784606933594
-0.2643718719482422,-0.04433012008666992
-0.2682318687438965,-0.044042110443115234
-0.2679882049560547,-0.044100046157836914
-0.261765718460083,-0.04375457763671875
-0.26696038246154785,-0.044445037841796875
-0.2616279125213623,-0.04369521141052246
-0.26506614685058594,-0.0447993278503418
-0.26648592948913574,-0.04468393325805664
-0.2643473148345947,-0.0443112850189209
-0.2614724636077881,-0.04383063316345215
-0.26384687423706055,-0.04453301429748535
-0.26622438430786133,-0.0437471866607666
-0.2670271396636963,-0.04410862922668457
-0.26534056663513184,-0.0446779727935791
-0.2665102481842041,-0.045104265213012695
-0.26656126976013184,-0.04461073875427246
-0.2568652629852295,-0.04323530197143555
-0.2672121524810791,-0.045055389404296875
-0.2679402828216553,-0.04441523551940918
-0.2632317543029785,-0.0446319580078125
-0.26923251152038574,-0.04434680938720703
-0.2655940055847168,-0.044466257095336914
-0.2667510509490967,-0.04486393928527832
-0.2672853469848633,-0.044899940490722656
-0.2691376209259033,-0.04481101036071777
-0.26171159744262695,-0.04496335983276367
-0.25907349586486816,-0.043204307556152344
-0.26799440383911133,-0.04530668258666992
-0.2668724060058594,-0.0452425479888916
-0.27770447731018066,-0.055725812911987305
-0.26485133171081543,-0.04328131675720215
-0.26954126358032227,-0.04399251937866211
-0.26460981369018555,-0.044975996017456055
-0.2662177085876465,-0.044275760650634766
-0.26941585540771484,-0.044477224349975586
-0.26848268508911133,-0.04417610168457031
-0.2544858455657959,-0.04175996780395508
-0.26396942138671875,-0.04392552375793457
-0.2673170566558838,-0.044504642486572266
-0.2716867923736572,-0.04407906532287598
-0.26271486282348633,-0.04393720626831055
-0.2684288024902344,-0.044846534729003906
-0.2672238349914551,-0.04492926597595215
-0.26689696311950684,-0.04526925086975098
-0.2662160396575928,-0.04468655586242676
-0.2645752429962158,-0.04369831085205078
-0.2665588855743408,-0.044428348541259766
-0.26637935638427734,-0.04453778266906738
-0.2690460681915283,-0.04486513137817383
-0.26950931549072266,-0.04407215118408203
-0.2649984359741211,-0.04455971717834473
-0.2605767250061035,-0.04307389259338379
-0.25970959663391113,-0.04257988929748535
-0.2700357437133789,-0.04493880271911621
-0.2656841278076172,-0.04555988311767578
-0.26540517807006836,-0.04431772232055664
-0.2589888572692871,-0.04259920120239258
-0.25853466987609863,-0.04314303398132324
-0.2647819519042969,-0.04483747482299805
-0.2647521495819092,-0.04342293739318848
-0.2639734745025635,-0.044189453125
-0.26528048515319824,-0.043769121170043945
-0.25740480422973633,-0.04227423667907715
-0.27246642112731934,-0.04759407043457031
-0.26827049255371094,-0.04642200469970703
-0.26313138008117676,-0.047067880630493164
-0.2725989818572998,-0.04488825798034668
-0.25711512565612793,-0.04302692413330078
-0.26027441024780273,-0.04396247863769531
-0.2596397399902344,-0.04420280456542969
-0.26465821266174316,-0.04475760459899902
-0.26735448837280273,-0.04499197006225586
-0.2632293701171875,-0.04517817497253418
-0.26729846000671387,-0.044327735900878906
-0.264174222946167,-0.04418230056762695
-0.2663540840148926,-0.04432964324951172
-0.2616598606109619,-0.045027732849121094
-0.2639608383178711,-0.04473757743835449
-0.26612305641174316,-0.04510903358459473
-0.2658073902130127,-0.04501962661743164
-0.2730116844177246,-0.05019807815551758
-0.2654736042022705,-0.042313575744628906
-0.26682329177856445,-0.04308462142944336
-0.27769970893859863,-0.06702041625976562
-0.28726816177368164,-0.04987764358520508
-0.2870962619781494,-0.0495142936706543
-0.27708983421325684,-0.04642009735107422
-0.49576377868652344,-0.04677748680114746
-0.2700505256652832,-0.04656481742858887
-0.2672119140625,-0.04956459999084473
-0.26294803619384766,-0.04892253875732422
-0.27446746826171875,-0.04661965370178223
-0.27632927894592285,-0.05417442321777344
-0.02366161346435547,-0.05540037155151367
-0.30291199684143066,-0.05295705795288086
-0.2818286418914795,-0.05475187301635742
-0.2713472843170166,-0.04729652404785156
-0.2737312316894531,-0.05182385444641113
-0.27053189277648926,-0.05057239532470703
-0.27040910720825195,-0.05043482780456543
-0.27240610122680664,-0.048204898834228516
-0.2705216407775879,-0.047908782958984375
-0.27158212661743164,-0.05119919776916504
-0.26901721954345703,-0.050037384033203125
-0.269869327545166,-0.051589012145996094
-0.3438684940338135,-0.04596590995788574
-0.2660844326019287,-0.04781341552734375
-0.27504444122314453,-0.05536818504333496
-0.2772974967956543,-0.05115342140197754
-0.27716898918151855,-0.048861026763916016
-0.27277159690856934,-0.05218982696533203
-0.3412168025970459,-0.04965996742248535
-0.4623744487762451,-0.04900026321411133
-0.40572404861450195,-0.050470590591430664
-0.4321904182434082,-0.046980857849121094
-1.5981826782226562,-0.05293464660644531
-0.27248287200927734,-0.05003547668457031
-0.27398014068603516,-0.0437769889831543
-1.5997726917266846,-0.05078911781311035
-0.31076931953430176,-0.04336833953857422
-0.8231933116912842,-0.05037117004394531
-0.2719993591308594,-0.04357576370239258
-0.26589059829711914,-0.04292154312133789
-0.26921653747558594,-0.04336118698120117
-0.25517892837524414,-0.04086947441101074
-0.2622792720794678,-0.04254961013793945
-0.2672245502471924,-0.04405927658081055
-0.2690460681915283,-0.0439305305480957
-0.2611374855041504,-0.04345560073852539
-0.2665245532989502,-0.04417872428894043
-0.2693800926208496,-0.04472756385803223
-0.26481151580810547,-0.04471087455749512
-0.26842617988586426,-0.050512075424194336
-0.26848292350769043,-0.04283595085144043
-0.258136510848999,-0.04126334190368652
-0.26106953620910645,-0.043683767318725586
-0.2656741142272949,-0.04276156425476074
-0.27148938179016113,-0.04287242889404297
-0.26230502128601074,-0.04175090789794922
-0.26506495475769043,-0.04283928871154785
-0.2686629295349121,-0.0431675910949707
-0.26468682289123535,-0.04264092445373535
-0.2679743766784668,-0.044020891189575195
-0.26685023307800293,-0.0427248477935791
-0.2645139694213867,-0.04295969009399414
-0.26821064949035645,-0.04313778877258301
-0.26808643341064453,-0.04413938522338867
-0.2689483165740967,-0.04313254356384277
-0.2713947296142578,-0.043814897537231445
-0.2644035816192627,-0.0437626838684082
-0.26022887229919434,-0.04380631446838379
-0.2662982940673828,-0.044478416442871094
-0.2656376361846924,-0.04423809051513672
-0.2650411128997803,-0.04451441764831543
-0.26050853729248047,-0.043682098388671875
-0.26462578773498535,-0.04436016082763672
-0.26299118995666504,-0.0480809211730957
-0.267728328704834,-0.04572248458862305
-0.26388120651245117,-0.045049190521240234
-0.2621650695800781,-0.04423093795776367
-0.26419615745544434,-0.044480323791503906
-0.2614438533782959,-0.043546438217163086
-0.26558566093444824,-0.04493451118469238
-0.2708773612976074,-0.04481196403503418
-0.27014613151550293,-0.04474616050720215
-0.2674562931060791,-0.04420876502990723
-0.26637887954711914,-0.04381299018859863
-0.26856350898742676,-0.04504275321960449
-0.26346540451049805,-0.044380903244018555
-0.27030372619628906,-0.0446012020111084
-0.2664206027984619,-0.04457569122314453
-0.2655792236328125,-0.04427361488342285
-0.26561617851257324,-0.04418063163757324
-0.26671600341796875,-0.04429340362548828
-0.25713014602661133,-0.04276537895202637
-0.2663848400115967,-0.044144392013549805
-0.25886058807373047,-0.042382240295410156
-0.2650332450866699,-0.04411458969116211
-0.2668881416320801,-0.04419398307800293
-0.2658510208129883,-0.0453648567199707
-0.2667968273162842,-0.0445406436920166
-0.27021360397338867,-0.044909000396728516
-0.2666492462158203,-0.04506254196166992
-0.26302456855773926,-0.04887700080871582
-0.2665591239929199,-0.04339098930358887
-0.2568690776824951,-0.04201483726501465
-0.26622843742370605,-0.04286050796508789
-0.26680755615234375,-0.045073509216308594
-0.2704734802246094,-0.043332815170288086
-0.26938843727111816,-0.04358816146850586
-0.26535868644714355,-0.0432429313659668
-0.26726460456848145,-0.042998552322387695
-0.2659778594970703,-0.04326486587524414
-0.2646324634552002,-0.04465818405151367
-0.2634854316711426,-0.044249534606933594
-0.26739048957824707,-0.04456686973571777
-0.26456189155578613,-0.04429197311401367
-0.2556016445159912,-0.042020320892333984
-0.2672383785247803,-0.04537034034729004
-0.26688599586486816,-0.059357404708862305
-0.26584529876708984,-0.0471491813659668
-0.2653462886810303,-0.04427003860473633
-0.26493310928344727,-0.04400467872619629
-0.26533961296081543,-0.044319868087768555
-0.2667241096496582,-0.04543471336364746
-0.26728296279907227,-0.04498648643493652
-0.2642350196838379,-0.04529857635498047
-0.2657914161682129,-0.04439830780029297
-0.26661229133605957,-0.044440507888793945
-0.2678360939025879,-0.047088623046875
-0.26578855514526367,-0.044516801834106445
-0.2633669376373291,-0.04524540901184082
-0.2672591209411621,-0.044293880462646484
-0.26765871047973633,-0.0446624755859375
-0.2670173645019531,-0.04459643363952637
-0.26984405517578125,-0.0439908504486084
-0.2741248607635498,-0.044306278228759766
-0.2675483226776123,-0.04466700553894043
-0.2650270462036133,-0.04483795166015625
-0.2684907913208008,-0.0440824031829834
-0.2628974914550781,-0.04355669021606445
-0.26729774475097656,-0.044843196868896484
-0.2691662311553955,-0.044655799865722656
-0.26339077949523926,-0.04406332969665527
-0.2675812244415283,-0.04514265060424805
-0.26773548126220703,-0.04451584815979004
-0.26494884490966797,-0.044626474380493164
-0.2605159282684326,-0.04340863227844238
-0.2678966522216797,-0.04497718811035156
-0.2665565013885498,-0.045223236083984375
-0.2685415744781494,-0.04465341567993164
-0.26728153228759766,-0.04511404037475586
-0.27001380920410156,-0.04440665245056152
-0.2673931121826172,-0.04507780075073242
-0.26715588569641113,-0.05003619194030762
-0.2667360305786133,-0.04327273368835449
-0.26751255989074707,-0.04257965087890625
-0.2681310176849365,-0.04349327087402344
-0.2673053741455078,-0.0439457893371582
-0.2662169933319092,-0.04358243942260742
-0.2679588794708252,-0.0437319278717041
-0.2686924934387207,-0.044123172760009766
-0.26616382598876953,-0.04428434371948242
-0.26503467559814453,-0.044190406799316406
-0.26844310760498047,-0.04443216323852539
-0.2635533809661865,-0.044205427169799805
-0.2632632255554199,-0.04400300979614258
-0.26589417457580566,-0.04419875144958496
-0.26140713691711426,-0.04420280456542969
-0.26580381393432617,-0.04574155807495117
-0.269672155380249,-0.044295549392700195
-0.26378560066223145,-0.044789791107177734
-0.26270198822021484,-0.04353618621826172
-0.265089750289917,-0.04413414001464844
-0.25911402702331543,-0.04321169853210449
-0.26694655418395996,-0.044374942779541016
-0.2644081115722656,-0.04426908493041992
-0.2674577236175537,-0.044379472732543945
-0.2650032043457031,-0.044300079345703125
-0.2630486488342285,-0.04373478889465332
-0.2677643299102783,-0.04502367973327637
-0.26465845108032227,-0.04461669921875
-0.2657496929168701,-0.044159650802612305
-0.2658805847167969,-0.04412102699279785
-0.2636399269104004,-0.04473686218261719
-0.26517534255981445,-0.04407358169555664
-0.2623484134674072,-0.04347515106201172
-0.2697439193725586,-0.04433488845825195
-0.2695279121398926,-0.044855594635009766
-0.2712869644165039,-0.0444493293762207
-0.2711906433105469,-0.04404902458190918
-0.2700929641723633,-0.04486203193664551
-0.26654601097106934,-0.044404029846191406
-0.26621508598327637,-0.04530477523803711
-0.26256370544433594,-0.044451236724853516
-0.2655618190765381,-0.044632673263549805
-0.2662210464477539,-0.04416179656982422
-0.2653176784515381,-0.04440760612487793
-0.265655517578125,-0.044446468353271484
-0.2658531665802002,-0.044732093811035156
-0.265364408493042,-0.04481029510498047
-0.26958179473876953,-0.04493904113769531
-0.2544717788696289,-0.044899940490722656
-0.26875972747802734,-0.044608116149902344
-0.26174283027648926,-0.044617652893066406
-0.26653289794921875,-0.050443172454833984
-0.26631712913513184,-0.04333043098449707
-0.26834893226623535,-0.04248857498168945
-0.2608671188354492,-0.04317426681518555
-0.2681419849395752,-0.04359841346740723
-0.27036428451538086,-0.04372811317443848
-0.26519775390625,-0.04377174377441406
-0.26949048042297363,-0.04404187202453613
-0.26227903366088867,-0.04371809959411621
-0.27382349967956543,-0.04731130599975586
-0.27738404273986816,-0.0450139045715332
-0.27074646949768066,-0.045342206954956055
-0.2695581912994385,-0.048470258712768555
-0.2907414436340332,-0.05106520652770996
-0.2739601135253906,-0.04692244529724121
-0.2724306583404541,-0.04386639595031738
-0.26704931259155273,-0.043805837631225586
-0.2667372226715088,-0.04423022270202637
-0.2593986988067627,-0.04406285285949707
-0.2718343734741211,-0.044714927673339844
-0.26433634757995605,-0.04451179504394531
-0.2616398334503174,-0.043465375900268555
-0.26268577575683594,-0.04424881935119629
-0.26901984214782715,-0.04486346244812012
-0.2698328495025635,-0.04391288757324219
-0.2672388553619385,-0.0456545352935791
-0.2516598701477051,-0.042490482330322266
-0.2635657787322998,-0.04418230056762695
-0.26372599601745605,-0.04482626914978027
-0.2656104564666748,-0.044898033142089844
-0.26487088203430176,-0.044771671295166016
-0.2643256187438965,-0.04384016990661621
-0.2725541591644287,-0.04362201690673828
-0.26940464973449707,-0.04392433166503906
-0.2637810707092285,-0.04355883598327637
-0.2693042755126953,-0.04391622543334961
-0.26946258544921875,-0.04537320137023926
-0.2660558223724365,-0.04376959800720215
-0.2675807476043701,-0.04481863975524902
-0.26555538177490234,-0.043915510177612305
-0.25493502616882324,-0.04320216178894043
-0.25443482398986816,-0.04221510887145996
-0.26893019676208496,-0.044301509857177734
-0.26889991760253906,-0.0442202091217041
-0.2653980255126953,-0.04387474060058594
-0.2657787799835205,-0.044269561767578125
-0.2602806091308594,-0.043407440185546875
-0.26668643951416016,-0.04769754409790039
-0.27091026306152344,-0.04426074028015137
-0.2649726867675781,-0.04390454292297363
-0.2578394412994385,-0.04324603080749512
-0.26294708251953125,-0.04931187629699707
-0.26206040382385254,-0.04196310043334961
-0.26663899421691895,-0.04319405555725098
-0.2674672603607178,-0.043299198150634766
-0.2666587829589844,-0.04352712631225586
-0.2670142650604248,-0.04291963577270508
-0.2659876346588135,-0.04270672798156738
-0.26851630210876465,-0.04269599914550781
-0.2620067596435547,-0.043326377868652344
-0.2672715187072754,-0.043169498443603516
-0.2675435543060303,-0.043524980545043945
-0.2564842700958252,-0.04138922691345215
-0.2633333206176758,-0.0437464714050293
-0.265918493270874,-0.04365944862365723
-0.2617616653442383,-0.042092323303222656
-0.2684440612792969,-0.044708967208862305
-0.2715494632720947,-0.04447150230407715
-0.2679111957550049,-0.044382572174072266
-0.2564413547515869,-0.041922569274902344
-0.2638399600982666,-0.043457984924316406
-0.26120615005493164,-0.043884992599487305
-0.2681713104248047,-0.04427361488342285
-0.2623302936553955,-0.0436558723449707
-0.2662510871887207,-0.04456353187561035
-0.2656266689300537,-0.044193267822265625
-0.26447439193725586,-0.044289588928222656
-0.26844286918640137,-0.04712820053100586
-0.26485562324523926,-0.04430675506591797
-0.270857572555542,-0.04498767852783203
-0.26126861572265625,-0.043163299560546875
-0.2667965888977051,-0.04455971717834473
-0.2687079906463623,-0.044370174407958984
-0.2723500728607178,-0.04434561729431152
-0.2695760726928711,-0.0444788932800293
-0.26833510398864746,-0.04424309730529785
-0.27068471908569336,-0.044217824935913086
-0.26439785957336426,-0.04376983642578125
-0.2683985233306885,-0.04534745216369629
-0.2678713798522949,-0.04449892044067383
-0.2681145668029785,-0.04425787925720215
-0.264218807220459,-0.04443860054016113
-0.2627828121185303,-0.044675588607788086
-0.2643606662750244,-0.04401040077209473
-0.26494669914245605,-0.044095516204833984
-0.26408839225769043,-0.043936967849731445
-0.25926756858825684,-0.04346895217895508
-0.26136064529418945,-0.043527841567993164
-0.2609899044036865,-0.04197359085083008
-0.25750017166137695,-0.04357719421386719
-0.26895618438720703,-0.04403495788574219
-0.2655200958251953,-0.04445910453796387
-0.2721099853515625,-0.04943680763244629
-0.2654457092285156,-0.04244542121887207
-0.2711613178253174,-0.04320120811462402
-0.2672853469848633,-0.04461669921875
-0.26459503173828125,-0.04332923889160156
-0.26934218406677246,-0.043174028396606445
-0.2675654888153076,-0.043172597885131836
-0.26586151123046875,-0.0430910587310791
-0.25922441482543945,-0.042395830154418945
-0.2632484436035156,-0.042814016342163086
-0.26137804985046387,-0.04252123832702637
-0.26467299461364746,-0.04289531707763672
-0.2619047164916992,-0.04243898391723633
-0.2666044235229492,-0.043142080307006836
-0.263782262802124,-0.044333696365356445
-0.2658543586730957,-0.043470144271850586
-0.2672767639160156,-0.04363870620727539
-0.2610931396484375,-0.04254865646362305
-0.26529479026794434,-0.0447537899017334
-0.2682921886444092,-0.04436326026916504
-0.2621898651123047,-0.045310258865356445
-0.26241326332092285,-0.04353809356689453
-0.25865912437438965,-0.05249810218811035
-0.27160024642944336,-0.04390120506286621
-0.26677393913269043,-0.04452657699584961
-0.26879096031188965,-0.04518437385559082
-0.26447510719299316,-0.04423332214355469
-0.27004003524780273,-0.04477047920227051
-0.25450730323791504,-0.04278135299682617
-0.2610175609588623,-0.044173240661621094
-0.2651190757751465,-0.044319868087768555
-0.2657470703125,-0.044944047927856445
-0.2698822021484375,-0.044409751892089844
-0.26917576789855957,-0.04442453384399414
-0.2654404640197754,-0.045252323150634766
-0.26787519454956055,-0.04444575309753418
-0.26366162300109863,-0.04431009292602539
-0.26630091667175293,-0.04439115524291992
-0.2688784599304199,-0.044402360916137695
-0.27489209175109863,-0.04490327835083008
-0.26186609268188477,-0.044539451599121094
-0.26282525062561035,-0.044648170471191406
-0.26334118843078613,-0.04402589797973633
-0.2655599117279053,-0.044584035873413086
-0.25928807258605957,-0.042612552642822266
-0.265364408493042,-0.04509258270263672
-0.26808977127075195,-0.044669151306152344
-0.26231861114501953,-0.045120954513549805
-0.26491618156433105,-0.04420971870422363
-0.2673211097717285,-0.04485344886779785
-0.2611963748931885,-0.04499030113220215
-0.2681300640106201,-0.050084829330444336
-0.2666304111480713,-0.04269742965698242
-0.27100276947021484,-0.043215274810791016
-0.2675027847290039,-0.04495882987976074
-0.2668743133544922,-0.04340553283691406
-0.2674906253814697,-0.043938636779785156
-0.27036166191101074,-0.04356265068054199
-0.27093076705932617,-0.044388532638549805
-0.26325273513793945,-0.043784141540527344
-0.2645730972290039,-0.044446468353271484
-0.26560425758361816,-0.04401111602783203
-0.2654895782470703,-0.044268131256103516
-0.26291632652282715,-0.04351687431335449
-0.2582509517669678,-0.04294943809509277
-0.26526951789855957,-0.04680323600769043
-0.2601950168609619,-0.04384207725524902
-0.2684054374694824,-0.04370522499084473
-0.26914525032043457,-0.04420781135559082
-0.26618099212646484,-0.04457211494445801
-0.2667558193206787,-0.044823408126831055
-0.2570662498474121,-0.04359245300292969
-0.26524996757507324,-0.0464634895324707
-0.263164758682251,-0.0438532829284668
-0.25388193130493164,-0.041365623474121094
-0.2673814296722412,-0.044425010681152344
-0.2654693126678467,-0.04519343376159668
-0.26564478874206543,-0.04403209686279297
-0.26709556579589844,-0.04448676109313965
-0.2606055736541748,-0.04402923583984375
-0.2650179862976074,-0.045079708099365234
-0.2649712562561035,-0.044585227966308594
-0.2600729465484619,-0.044013023376464844
-0.26526927947998047,-0.04427313804626465
-0.2713286876678467,-0.04534554481506348
-0.26512932777404785,-0.04454159736633301
-0.26568603515625,-0.04451441764831543
-0.26627635955810547,-0.04549670219421387
-0.2690715789794922,-0.04479241371154785
-0.2623710632324219,-0.0443272590637207
-0.25882697105407715,-0.04301285743713379
-0.2646291255950928,-0.04488730430603027
-0.2612137794494629,-0.04385948181152344
-0.26636600494384766,-0.04492664337158203
-0.26611804962158203,-0.04407310485839844
-0.2670753002166748,-0.044501304626464844
-0.2640688419342041,-0.04408717155456543
-0.26254940032958984,-0.04415464401245117
-0.26424574851989746,-0.0445556640625
-0.2677042484283447,-0.04503488540649414
-0.2688279151916504,-0.04410529136657715
-0.2683076858520508,-0.04523324966430664
-0.26767945289611816,-0.04932260513305664
-0.2712082862854004,-0.045287132263183594
-0.26719093322753906,-0.04300737380981445
-0.26655006408691406,-0.04435467720031738
-0.2653486728668213,-0.044064998626708984
-0.26521730422973633,-0.04254603385925293
-0.2634589672088623,-0.04327821731567383
-0.264024019241333,-0.043204307556152344
-0.26662445068359375,-0.04332756996154785
-0.2668755054473877,-0.04371762275695801
-0.26940488815307617,-0.04361152648925781
-0.26445698738098145,-0.04296278953552246
-0.2633402347564697,-0.04358339309692383
-0.26655030250549316,-0.043984413146972656
-0.25982666015625,-0.04625701904296875
-0.26790356636047363,-0.04507875442504883
-0.26714229583740234,-0.04315447807312012
